Timestamp,Solar_Generation_kW,Home_Load_kW,Tesla_Charger_kW,Battery_Charge_kWh,Battery_Discharge_kW,Grid_Import_kW,Grid_Export_kW
2025-04-01 00:00:00,0.0,1.5,0.0,2.0,1.5,0,0
2025-04-01 01:00:00,0.0,1.61,0.0,0.4,1.61,0,0
2025-04-01 02:00:00,0.0,1.69,0.0,0.0,0.4,1.29,0
2025-04-01 03:00:00,0.0,1.52,0.0,0.0,0.0,1.52,0
2025-04-01 04:00:00,0.0,1.69,0.0,0.0,0.0,1.69,0
2025-04-01 05:00:00,0.0,1.43,0.0,0.0,0.0,1.43,0
2025-04-01 06:00:00,0.0,1.46,0.0,0.0,0.0,1.46,0
2025-04-01 07:00:00,1.68,1.45,0.0,0.24,0.0,1.46,0.24
2025-04-01 08:00:00,3.25,1.59,0.0,1.89,0.0,1.46,1.42
2025-04-01 09:00:00,4.6,1.3,0.0,5.19,0.0,1.46,1.4
2025-04-01 10:00:00,5.63,1.34,0.0,7.0,0.0,1.46,0
2025-04-01 11:00:00,6.28,1.7,7.7,5.0,2.0,1.12,0
2025-04-01 12:00:00,6.5,1.44,7.7,3.0,2.0,0.64,0
2025-04-01 13:00:00,6.28,1.48,7.7,1.0,2.0,0.9,0
2025-04-01 14:00:00,5.63,1.42,0.0,5.21,0.0,0.9,3.21
2025-04-01 15:00:00,4.6,1.5,0.0,7.0,0.0,0.9,0
2025-04-01 16:00:00,3.25,1.55,0.0,7.0,0.0,0.9,0
2025-04-01 17:00:00,1.68,1.44,0.0,7.0,0.0,0.9,0
2025-04-01 18:00:00,0.0,1.41,7.7,5.0,2.0,7.11,0
2025-04-01 19:00:00,0.0,1.54,7.7,3.0,2.0,7.24,0
2025-04-01 20:00:00,0.0,1.66,0.0,1.34,1.66,0,0
2025-04-01 21:00:00,0.0,1.62,0.0,0.0,1.34,0.28,0
2025-04-01 22:00:00,0.0,1.44,0.0,0.0,0.0,1.44,0
2025-04-01 23:00:00,0.0,1.51,0.0,0.0,0.0,1.51,0
